  Table of cross-sectional flux (m^-2 yr^-1) broken out by velocity and direction bins
  Year, Perigee Altitude (km), Apogee Altitude (km), Inclination, Argument of Perigee : 2016      400.000      400.000  51.6000   -1.0000
   Columns are the centers of yaw angle bins in 10 degree intervals : -175, -165, -155, ... 155, 165, 175
   Left column is the center of relative velocity bin for each row - interval is 1 km/sec
 
 10 Microns
  0.5   0.6491961E-03   0.3689983E-03   0.6750730E-02   0.2585168E-03    0.000000        0.000000        0.000000        0.000000        0.000000        0.000000       0.7847778E-03   0.2773209E-03   0.2219942E-04   0.4935423E-04   0.1021898E-04   0.1367296E-04   0.2008723E-05   0.6086164E-06   0.2380864E-06   0.8026081E-06   0.9397903E-05   0.3753972E-04   0.3321042E-04   0.3320595E-04   0.3461732E-03   0.1260836E-02    0.000000        0.000000        0.000000        0.000000        0.000000        0.000000       0.5231931E-03   0.3806730E-03   0.4222735E-04   0.5111205E-03
  1.5   0.5406542E-03   0.2765487E-02   0.1572177E-02   0.4927152E-03   0.8822551E-03   0.9306889E-02   0.5457127E-01   0.4448018E-01    0.000000        0.000000       0.6960301E-02    0.000000        0.000000        0.000000        0.000000        0.000000        0.000000        0.000000        0.000000        0.000000        0.000000        0.000000        0.000000        0.000000        0.000000       0.7909068E-02    0.000000        0.000000       0.3935796E-01   0.3749448E-01   0.1835765E-02   0.6611819E-03   0.4697525E-03   0.3363044E-02   0.1660505E-02   0.8753688E-03
  2.5   0.7298447E-03   0.9178421E-02   0.9304695E-02   0.3607561E-01   0.4788798E-01   0.1425269       0.4278247E-01    1.879879       0.5133569        0.000000       0.2572055E-01    0.000000        0.000000        0.000000        0.000000        0.000000        0.000000        0.000000        0.000000        0.000000        0.000000        0.000000        0.000000        0.000000        0.000000       0.2167676E-01    0.000000       0.4294053        1.643548       0.2495807E-01   0.1198873       0.3700857E-01   0.3021692E-01   0.1399081E-01   0.4525611E-02   0.3379332E-04
  3.5    0.000000        0.000000        0.000000        0.000000       0.1689431       0.4192911       0.8327564        3.317060        2.067589        5.508224       0.3920444        0.000000        0.000000        0.000000        0.000000        0.000000        0.000000        0.000000        0.000000        0.000000        0.000000        0.000000        0.000000        0.000000        0.000000       0.3958746        5.223801        1.806743        3.369618       0.8371964       0.4326168       0.1387652        0.000000        0.000000        0.000000        0.000000    
  4.5    0.000000        0.000000        0.000000        0.000000        0.000000        0.000000       0.8021352        28.20682        3.147113        7.145740        1.673959       0.9126940        0.000000        0.000000        0.000000        0.000000        0.000000        0.000000        0.000000        0.000000        0.000000        0.000000        0.000000        0.000000       0.9429766        1.619452        7.069461        3.455418        28.10924       0.8284454        0.000000        0.000000        0.000000        0.000000        0.000000        0.000000    
  5.5    0.000000        0.000000        0.000000        0.000000        0.000000        0.000000        0.000000       0.7825762        38.32688        3.918229        6.779866        1.901301        0.000000        0.000000        0.000000        0.000000        0.000000        0.000000        0.000000        0.000000        0.000000        0.000000        0.000000        0.000000        1.930302        6.808653        3.933736        38.13574       0.6840659        0.000000        0.000000        0.000000        0.000000        0.000000        0.000000        0.000000    
  6.5    0.000000        0.000000        0.000000        0.000000        0.000000        0.000000        0.000000        0.000000        3.227689        35.94986        2.950896        1.904404        0.000000        0.000000        0.000000        0.000000        0.000000        0.000000        0.000000        0.000000        0.000000        0.000000        0.000000        0.000000        1.913059        2.984378        35.63412        3.092561        0.000000        0.000000        0.000000        0.000000        0.000000        0.000000        0.000000        0.000000    
  7.5    0.000000        0.000000        0.000000        0.000000        0.000000        0.000000        0.000000        0.000000        0.000000        5.216252        31.85806        6.339000       0.8024717        0.000000        0.000000        0.000000        0.000000        0.000000        0.000000        0.000000        0.000000        0.000000        0.000000       0.6908759        6.868011        32.17124        5.553542        0.000000        0.000000        0.000000        0.000000        0.000000        0.000000        0.000000        0.000000        0.000000    
  8.5    0.000000        0.000000        0.000000        0.000000        0.000000        0.000000        0.000000        0.000000        0.000000       0.1590188E-01    21.91068        19.37948        1.875983        0.000000        0.000000        0.000000        0.000000        0.000000        0.000000        0.000000        0.000000        0.000000        0.000000        1.600432        19.70348        21.08468       0.8175086E-02    0.000000        0.000000        0.000000        0.000000        0.000000        0.000000        0.000000        0.000000        0.000000    
  9.5    0.000000        0.000000        0.000000        0.000000        0.000000        0.000000        0.000000        0.000000        0.000000        0.000000        8.805993        55.76323        11.81448       0.9078740        0.000000        0.000000        0.000000        0.000000        0.000000        0.000000        0.000000        0.000000       0.7499865        13.18544        55.75949        9.353003        0.000000        0.000000        0.000000        0.000000        0.000000        0.000000        0.000000        0.000000        0.000000        0.000000    
 10.5    0.000000        0.000000        0.000000        0.000000        0.000000        0.000000        0.000000        0.000000        0.000000        0.000000        0.000000        25.50855        49.53999        2.643613        0.000000        0.000000        0.000000        0.000000        0.000000        0.000000        0.000000        0.000000        2.296477        50.27698        25.23658        0.000000        0.000000        0.000000        0.000000        0.000000        0.000000        0.000000        0.000000        0.000000        0.000000        0.000000    
 11.5    0.000000        0.000000        0.000000        0.000000        0.000000        0.000000        0.000000        0.000000        0.000000        0.000000        0.000000        14.76695        4.839205        3.613605        1.827486        0.000000        0.000000        0.000000        0.000000        0.000000        0.000000        1.772633        3.920397        5.499824        14.56225        0.000000        0.000000        0.000000        0.000000        0.000000        0.000000        0.000000        0.000000        0.000000        0.000000        0.000000    
 12.5    0.000000        0.000000        0.000000        0.000000        0.000000        0.000000        0.000000        0.000000        0.000000        0.000000        0.000000        0.000000        1.262221       0.6112742        2.491076        0.000000        0.000000        0.000000        0.000000        0.000000        0.000000        2.669774       0.7898440        1.253282        0.000000        0.000000        0.000000        0.000000        0.000000        0.000000        0.000000        0.000000        0.000000        0.000000        0.000000        0.000000    
 13.5    0.000000        0.000000        0.000000        0.000000        0.000000        0.000000        0.000000        0.000000        0.000000        0.000000        0.000000        0.000000       0.8402098E-01   0.6970990       0.6257469        7.253450        0.000000        0.000000        0.000000        0.000000        7.220588       0.6723348       0.6003783       0.1057679        0.000000        0.000000        0.000000        0.000000        0.000000        0.000000        0.000000        0.000000        0.000000        0.000000        0.000000        0.000000    
 14.5    0.000000        0.000000        0.000000        0.000000        0.000000        0.000000        0.000000        0.000000        0.000000        0.000000        0.000000        0.000000        0.000000       0.2285843       0.7296943        4.696506       0.7833831E-01   0.1246092E-03   0.1260941E-03   0.9220929E-01    4.127285       0.8336507       0.1887219        0.000000        0.000000        0.000000        0.000000        0.000000        0.000000        0.000000        0.000000        0.000000        0.000000        0.000000        0.000000        0.000000    
 15.5    0.000000        0.000000        0.000000        0.000000        0.000000        0.000000        0.000000        0.000000        0.000000        0.000000        0.000000        0.000000        0.000000        0.000000       0.7175063       0.1811467       0.1007525E-01   0.1567854E-02   0.1390193E-02   0.8720434E-02   0.2093934       0.5744511        0.000000        0.000000        0.000000        0.000000        0.000000        0.000000        0.000000        0.000000        0.000000        0.000000        0.000000        0.000000        0.000000        0.000000    
 16.5    0.000000        0.000000        0.000000        0.000000        0.000000        0.000000        0.000000        0.000000        0.000000        0.000000        0.000000        0.000000        0.000000        0.000000        0.000000       0.6312113E-03   0.1918874E-02   0.3736000E-03   0.3619114E-02   0.6393942E-03   0.2323441E-02    0.000000        0.000000        0.000000        0.000000        0.000000        0.000000        0.000000        0.000000        0.000000        0.000000        0.000000        0.000000        0.000000        0.000000        0.000000    
 17.5    0.000000        0.000000        0.000000        0.000000        0.000000        0.000000        0.000000        0.000000        0.000000        0.000000        0.000000        0.000000        0.000000        0.000000        0.000000        0.000000        0.000000        0.000000        0.000000       0.2635299E-03    0.000000        0.000000        0.000000        0.000000        0.000000        0.000000        0.000000        0.000000        0.000000        0.000000        0.000000        0.000000        0.000000        0.000000        0.000000        0.000000    
 18.5    0.000000        0.000000        0.000000        0.000000        0.000000        0.000000        0.000000        0.000000        0.000000        0.000000        0.000000        0.000000        0.000000        0.000000        0.000000        0.000000        0.000000        0.000000        0.000000        0.000000        0.000000        0.000000        0.000000        0.000000        0.000000        0.000000        0.000000        0.000000        0.000000        0.000000        0.000000        0.000000        0.000000        0.000000        0.000000        0.000000    
 19.5    0.000000        0.000000        0.000000        0.000000        0.000000        0.000000        0.000000        0.000000        0.000000        0.000000        0.000000        0.000000        0.000000        0.000000        0.000000        0.000000        0.000000        0.000000        0.000000        0.000000        0.000000        0.000000        0.000000        0.000000        0.000000        0.000000        0.000000        0.000000        0.000000        0.000000        0.000000        0.000000        0.000000        0.000000        0.000000        0.000000    
 20.5    0.000000        0.000000        0.000000        0.000000        0.000000        0.000000        0.000000        0.000000        0.000000        0.000000        0.000000        0.000000        0.000000        0.000000        0.000000        0.000000        0.000000        0.000000        0.000000        0.000000        0.000000        0.000000        0.000000        0.000000        0.000000        0.000000        0.000000        0.000000        0.000000        0.000000        0.000000        0.000000        0.000000        0.000000        0.000000        0.000000    
 21.5    0.000000        0.000000        0.000000        0.000000        0.000000        0.000000        0.000000        0.000000        0.000000        0.000000        0.000000        0.000000        0.000000        0.000000        0.000000        0.000000        0.000000        0.000000        0.000000        0.000000        0.000000        0.000000        0.000000        0.000000        0.000000        0.000000        0.000000        0.000000        0.000000        0.000000        0.000000        0.000000        0.000000        0.000000        0.000000        0.000000    
 22.5    0.000000        0.000000        0.000000        0.000000        0.000000        0.000000        0.000000        0.000000        0.000000        0.000000        0.000000        0.000000        0.000000        0.000000        0.000000        0.000000        0.000000        0.000000        0.000000        0.000000        0.000000        0.000000        0.000000        0.000000        0.000000        0.000000        0.000000        0.000000        0.000000        0.000000        0.000000        0.000000        0.000000        0.000000        0.000000        0.000000    
 
 100 Microns
  0.5   0.4605524E-05   0.1908724E-05   0.2139244E-05   0.7936496E-05    0.000000        0.000000        0.000000        0.000000        0.000000        0.000000       0.8388974E-04   0.4271082E-04   0.1301232E-06   0.4270650E-05   0.3139884E-06   0.3186534E-07   0.2806023E-07   0.4098724E-07   0.2452838E-07   0.2821666E-07   0.2625515E-06   0.9548360E-07   0.3107200E-06   0.2336161E-04   0.3620739E-04   0.8283960E-04    0.000000        0.000000        0.000000        0.000000        0.000000        0.000000       0.9278879E-05   0.1548089E-05   0.1661474E-05   0.7002101E-05
  1.5   0.2491026E-04   0.2674709E-04   0.1109849E-04   0.3658934E-05   0.9122842E-05   0.1173657E-04   0.1692536E-02   0.1779002E-02    0.000000        0.000000       0.9980533E-03    0.000000        0.000000        0.000000        0.000000        0.000000        0.000000        0.000000        0.000000        0.000000        0.000000        0.000000        0.000000        0.000000        0.000000       0.7510930E-03    0.000000        0.000000       0.1312244E-02   0.1222717E-02   0.1018599E-04   0.7692223E-05   0.3579659E-05   0.1491491E-04   0.3236538E-04   0.2280360E-04
  2.5   0.6411733E-06   0.7308266E-07   0.1631245E-04   0.7361911E-03   0.1839510E-02   0.3289787E-02   0.3182555E-03   0.4819644E-01   0.1886532E-01    0.000000       0.2244357E-02    0.000000        0.000000        0.000000        0.000000        0.000000        0.000000        0.000000        0.000000        0.000000        0.000000        0.000000        0.000000        0.000000        0.000000       0.2520523E-02    0.000000       0.1715068E-01   0.5829884E-01   0.1677173E-03   0.6210375E-02   0.1382226E-02   0.8148437E-03   0.1226030E-03   0.1197147E-06   0.7349517E-08
  3.5    0.000000        0.000000        0.000000        0.000000       0.4643363E-02   0.7626847E-02   0.1495420E-01   0.5718456E-01   0.7450383E-01   0.1499290       0.2128479E-01    0.000000        0.000000        0.000000        0.000000        0.000000        0.000000        0.000000        0.000000        0.000000        0.000000        0.000000        0.000000        0.000000        0.000000       0.2149220E-01   0.1981510       0.6767552E-01   0.6348167E-01   0.1339116E-01   0.6439432E-02   0.5192418E-02    0.000000        0.000000        0.000000        0.000000    
  4.5    0.000000        0.000000        0.000000        0.000000        0.000000        0.000000       0.1639713E-01   0.7100921       0.5082795E-01   0.2156624       0.2658312E-01   0.1094815E-01    0.000000        0.000000        0.000000        0.000000        0.000000        0.000000        0.000000        0.000000        0.000000        0.000000        0.000000        0.000000       0.8022358E-02   0.2368550E-01   0.2479154       0.4300099E-01   0.7108130       0.1576423E-01    0.000000        0.000000        0.000000        0.000000        0.000000        0.000000    
  5.5    0.000000        0.000000        0.000000        0.000000        0.000000        0.000000        0.000000       0.9642559E-02    1.002443       0.7868544E-01   0.2322165       0.2335421E-01    0.000000        0.000000        0.000000        0.000000        0.000000        0.000000        0.000000        0.000000        0.000000        0.000000        0.000000        0.000000       0.2841888E-01   0.1887551       0.7960602E-01    1.004117       0.1421411E-01    0.000000        0.000000        0.000000        0.000000        0.000000        0.000000        0.000000    
  6.5    0.000000        0.000000        0.000000        0.000000        0.000000        0.000000        0.000000        0.000000       0.4703463E-01   0.9475667       0.8688235E-01   0.3331421E-01    0.000000        0.000000        0.000000        0.000000        0.000000        0.000000        0.000000        0.000000        0.000000        0.000000        0.000000        0.000000       0.2921522E-01   0.7555381E-01   0.9403634       0.4382390E-01    0.000000        0.000000        0.000000        0.000000        0.000000        0.000000        0.000000        0.000000    
  7.5    0.000000        0.000000        0.000000        0.000000        0.000000        0.000000        0.000000        0.000000        0.000000       0.7854904E-01   0.9665695       0.1949321       0.2286780E-01    0.000000        0.000000        0.000000        0.000000        0.000000        0.000000        0.000000        0.000000        0.000000        0.000000       0.9695710E-02   0.1814430       0.9425318       0.8539036E-01    0.000000        0.000000        0.000000        0.000000        0.000000        0.000000        0.000000        0.000000        0.000000    
  8.5    0.000000        0.000000        0.000000        0.000000        0.000000        0.000000        0.000000        0.000000        0.000000       0.1436548E-05   0.3310926       0.5872541       0.4039355E-01    0.000000        0.000000        0.000000        0.000000        0.000000        0.000000        0.000000        0.000000        0.000000        0.000000       0.3183937E-01   0.5929370       0.3790895       0.1835445E-05    0.000000        0.000000        0.000000        0.000000        0.000000        0.000000        0.000000        0.000000        0.000000    
  9.5    0.000000        0.000000        0.000000        0.000000        0.000000        0.000000        0.000000        0.000000        0.000000        0.000000       0.1842474        1.484071       0.4440024       0.1211228E-01    0.000000        0.000000        0.000000        0.000000        0.000000        0.000000        0.000000        0.000000       0.1366545E-01   0.4214946        1.465903       0.1579607        0.000000        0.000000        0.000000        0.000000        0.000000        0.000000        0.000000        0.000000        0.000000        0.000000    
 10.5    0.000000        0.000000        0.000000        0.000000        0.000000        0.000000        0.000000        0.000000        0.000000        0.000000        0.000000       0.5488631        1.458058       0.3599540E-01    0.000000        0.000000        0.000000        0.000000        0.000000        0.000000        0.000000        0.000000       0.3240707E-01    1.383366       0.5318140        0.000000        0.000000        0.000000        0.000000        0.000000        0.000000        0.000000        0.000000        0.000000        0.000000        0.000000    
 11.5    0.000000        0.000000        0.000000        0.000000        0.000000        0.000000        0.000000        0.000000        0.000000        0.000000        0.000000       0.3132288       0.8432791E-01   0.1160367       0.1597805E-01    0.000000        0.000000        0.000000        0.000000        0.000000        0.000000       0.2386094E-01   0.9194932E-01   0.9973777E-01   0.2941303        0.000000        0.000000        0.000000        0.000000        0.000000        0.000000        0.000000        0.000000        0.000000        0.000000        0.000000    
 12.5    0.000000        0.000000        0.000000        0.000000        0.000000        0.000000        0.000000        0.000000        0.000000        0.000000        0.000000        0.000000       0.2116094E-01   0.8508162E-02   0.3183648E-01    0.000000        0.000000        0.000000        0.000000        0.000000        0.000000       0.2062474E-01   0.1281037E-01   0.1514257E-01    0.000000        0.000000        0.000000        0.000000        0.000000        0.000000        0.000000        0.000000        0.000000        0.000000        0.000000        0.000000    
 13.5    0.000000        0.000000        0.000000        0.000000        0.000000        0.000000        0.000000        0.000000        0.000000        0.000000        0.000000        0.000000       0.5134465E-02   0.1990319E-01   0.1242112E-01   0.1181477        0.000000        0.000000        0.000000        0.000000       0.9811042E-01   0.1296177E-01   0.1704544E-01   0.4556668E-02    0.000000        0.000000        0.000000        0.000000        0.000000        0.000000        0.000000        0.000000        0.000000        0.000000        0.000000        0.000000    
 14.5    0.000000        0.000000        0.000000        0.000000        0.000000        0.000000        0.000000        0.000000        0.000000        0.000000        0.000000        0.000000        0.000000       0.1095729E-03   0.2298459E-01   0.2274327E-01   0.2413123E-02   0.6600258E-04   0.1537205E-04   0.3385105E-02   0.2665470E-01   0.3199332E-01   0.3444587E-03    0.000000        0.000000        0.000000        0.000000        0.000000        0.000000        0.000000        0.000000        0.000000        0.000000        0.000000        0.000000        0.000000    
 15.5    0.000000        0.000000        0.000000        0.000000        0.000000        0.000000        0.000000        0.000000        0.000000        0.000000        0.000000        0.000000        0.000000        0.000000       0.2218900E-01   0.1122280E-02   0.2888950E-03   0.6313080E-04   0.5271528E-04   0.2047862E-03   0.3954314E-03   0.2508590E-01    0.000000        0.000000        0.000000        0.000000        0.000000        0.000000        0.000000        0.000000        0.000000        0.000000        0.000000        0.000000        0.000000        0.000000    
 16.5    0.000000        0.000000        0.000000        0.000000        0.000000        0.000000        0.000000        0.000000        0.000000        0.000000        0.000000        0.000000        0.000000        0.000000        0.000000       0.1305807E-04   0.1071179E-04   0.4016547E-04   0.3746864E-04   0.7844815E-05   0.2971101E-04    0.000000        0.000000        0.000000        0.000000        0.000000        0.000000        0.000000        0.000000        0.000000        0.000000        0.000000        0.000000        0.000000        0.000000        0.000000    
 17.5    0.000000        0.000000        0.000000        0.000000        0.000000        0.000000        0.000000        0.000000        0.000000        0.000000        0.000000        0.000000        0.000000        0.000000        0.000000        0.000000        0.000000        0.000000        0.000000        0.000000        0.000000        0.000000        0.000000        0.000000        0.000000        0.000000        0.000000        0.000000        0.000000        0.000000        0.000000        0.000000        0.000000        0.000000        0.000000        0.000000    
 18.5    0.000000        0.000000        0.000000        0.000000        0.000000        0.000000        0.000000        0.000000        0.000000        0.000000        0.000000        0.000000        0.000000        0.000000        0.000000        0.000000        0.000000        0.000000        0.000000        0.000000        0.000000        0.000000        0.000000        0.000000        0.000000        0.000000        0.000000        0.000000        0.000000        0.000000        0.000000        0.000000        0.000000        0.000000        0.000000        0.000000    
 19.5    0.000000        0.000000        0.000000        0.000000        0.000000        0.000000        0.000000        0.000000        0.000000        0.000000        0.000000        0.000000        0.000000        0.000000        0.000000        0.000000        0.000000        0.000000        0.000000        0.000000        0.000000        0.000000        0.000000        0.000000        0.000000        0.000000        0.000000        0.000000        0.000000        0.000000        0.000000        0.000000        0.000000        0.000000        0.000000        0.000000    
 20.5    0.000000        0.000000        0.000000        0.000000        0.000000        0.000000        0.000000        0.000000        0.000000        0.000000        0.000000        0.000000        0.000000        0.000000        0.000000        0.000000        0.000000        0.000000        0.000000        0.000000        0.000000        0.000000        0.000000        0.000000        0.000000        0.000000        0.000000        0.000000        0.000000        0.000000        0.000000        0.000000        0.000000        0.000000        0.000000        0.000000    
 21.5    0.000000        0.000000        0.000000        0.000000        0.000000        0.000000        0.000000        0.000000        0.000000        0.000000        0.000000        0.000000        0.000000        0.000000        0.000000        0.000000        0.000000        0.000000        0.000000        0.000000        0.000000        0.000000        0.000000        0.000000        0.000000        0.000000        0.000000        0.000000        0.000000        0.000000        0.000000        0.000000        0.000000        0.000000        0.000000        0.000000    
 22.5    0.000000        0.000000        0.000000        0.000000        0.000000        0.000000        0.000000        0.000000        0.000000        0.000000        0.000000        0.000000        0.000000        0.000000        0.000000        0.000000        0.000000        0.000000        0.000000        0.000000        0.000000        0.000000        0.000000        0.000000        0.000000        0.000000        0.000000        0.000000        0.000000        0.000000        0.000000        0.000000        0.000000        0.000000        0.000000        0.000000    
 
 1 Millimeter
  0.5   0.1082626E-05   0.7553069E-06   0.7393412E-06   0.2982488E-05    0.000000        0.000000        0.000000        0.000000        0.000000        0.000000       0.1415805E-05   0.8288395E-06   0.9394401E-07   0.4311586E-07   0.6052544E-07   0.3186534E-07   0.2806023E-07   0.2445175E-07   0.2452838E-07   0.2821666E-07   0.3147645E-07   0.6108997E-07   0.4039299E-07   0.9934325E-07   0.8203454E-06   0.1406455E-05    0.000000        0.000000        0.000000        0.000000        0.000000        0.000000       0.2873888E-05   0.7710198E-06   0.7262792E-06   0.1106032E-05
  1.5   0.1403411E-06   0.2646208E-06   0.3974410E-06   0.1277783E-05   0.4780769E-05   0.4955539E-05   0.7743814E-05   0.3485513E-05    0.000000        0.000000       0.1097211E-04    0.000000        0.000000        0.000000        0.000000        0.000000        0.000000        0.000000        0.000000        0.000000        0.000000        0.000000        0.000000        0.000000        0.000000       0.1067694E-04    0.000000        0.000000       0.2714510E-05   0.6913913E-05   0.4831384E-05   0.4695031E-05   0.1242863E-05   0.4086412E-06   0.2949866E-06   0.1360989E-06
  2.5   0.5168205E-08   0.7308266E-07   0.2035727E-05   0.3167177E-05   0.5516083E-05   0.9486743E-05   0.1204559E-05   0.9978371E-04   0.5542624E-04    0.000000       0.1917316E-04    0.000000        0.000000        0.000000        0.000000        0.000000        0.000000        0.000000        0.000000        0.000000        0.000000        0.000000        0.000000        0.000000        0.000000       0.1919960E-04    0.000000       0.5244860E-04   0.1205045E-03   0.9348220E-06   0.1739928E-04   0.4475333E-05   0.3416744E-05   0.2175837E-05   0.1197147E-06   0.1122954E-09
  3.5    0.000000        0.000000        0.000000        0.000000       0.1367685E-04   0.3486003E-04   0.4758580E-04   0.1156129E-03   0.1750161E-03   0.3604513E-03   0.6231731E-04    0.000000        0.000000        0.000000        0.000000        0.000000        0.000000        0.000000        0.000000        0.000000        0.000000        0.000000        0.000000        0.000000        0.000000       0.6405018E-04   0.4611687E-03   0.1618188E-03   0.1245787E-03   0.3926960E-04   0.3136518E-04   0.1482702E-04    0.000000        0.000000        0.000000        0.000000    
  4.5    0.000000        0.000000        0.000000        0.000000        0.000000        0.000000       0.5489817E-04   0.1412470E-02   0.1413386E-03   0.4689551E-03   0.5267305E-04   0.1493810E-04    0.000000        0.000000        0.000000        0.000000        0.000000        0.000000        0.000000        0.000000        0.000000        0.000000        0.000000        0.000000       0.1445013E-04   0.5133205E-04   0.5680960E-03   0.1197698E-03   0.1413149E-02   0.4698358E-04    0.000000        0.000000        0.000000        0.000000        0.000000        0.000000    
  5.5    0.000000        0.000000        0.000000        0.000000        0.000000        0.000000        0.000000       0.3325003E-04   0.1811062E-02   0.1729348E-03   0.5145356E-03   0.7068042E-04    0.000000        0.000000        0.000000        0.000000        0.000000        0.000000        0.000000        0.000000        0.000000        0.000000        0.000000        0.000000       0.7257055E-04   0.4068131E-03   0.1753639E-03   0.1812312E-02   0.4494266E-04    0.000000        0.000000        0.000000        0.000000        0.000000        0.000000        0.000000    
  6.5    0.000000        0.000000        0.000000        0.000000        0.000000        0.000000        0.000000        0.000000       0.1175836E-03   0.1903655E-02   0.2799361E-03   0.7481168E-04    0.000000        0.000000        0.000000        0.000000        0.000000        0.000000        0.000000        0.000000        0.000000        0.000000        0.000000        0.000000       0.7463053E-04   0.2390489E-03   0.1895247E-02   0.1126108E-03    0.000000        0.000000        0.000000        0.000000        0.000000        0.000000        0.000000        0.000000    
  7.5    0.000000        0.000000        0.000000        0.000000        0.000000        0.000000        0.000000        0.000000        0.000000       0.2000933E-03   0.1995406E-02   0.4896460E-03   0.6155751E-04    0.000000        0.000000        0.000000        0.000000        0.000000        0.000000        0.000000        0.000000        0.000000        0.000000       0.5527712E-04   0.4498108E-03   0.1917226E-02   0.2281287E-03    0.000000        0.000000        0.000000        0.000000        0.000000        0.000000        0.000000        0.000000        0.000000    
  8.5    0.000000        0.000000        0.000000        0.000000        0.000000        0.000000        0.000000        0.000000        0.000000       0.1436548E-05   0.6643771E-03   0.1103802E-02   0.6794760E-04    0.000000        0.000000        0.000000        0.000000        0.000000        0.000000        0.000000        0.000000        0.000000        0.000000       0.6068000E-04   0.1105088E-02   0.7561225E-03   0.1835445E-05    0.000000        0.000000        0.000000        0.000000        0.000000        0.000000        0.000000        0.000000        0.000000    
  9.5    0.000000        0.000000        0.000000        0.000000        0.000000        0.000000        0.000000        0.000000        0.000000        0.000000       0.3539991E-03   0.2722403E-02   0.9966692E-03   0.1932697E-04    0.000000        0.000000        0.000000        0.000000        0.000000        0.000000        0.000000        0.000000       0.1992095E-04   0.9778575E-03   0.2655542E-02   0.2982221E-03    0.000000        0.000000        0.000000        0.000000        0.000000        0.000000        0.000000        0.000000        0.000000        0.000000    
 10.5    0.000000        0.000000        0.000000        0.000000        0.000000        0.000000        0.000000        0.000000        0.000000        0.000000        0.000000       0.1102289E-02   0.2921731E-02   0.7614694E-04    0.000000        0.000000        0.000000        0.000000        0.000000        0.000000        0.000000        0.000000       0.7526214E-04   0.2788930E-02   0.1057190E-02    0.000000        0.000000        0.000000        0.000000        0.000000        0.000000        0.000000        0.000000        0.000000        0.000000        0.000000    
 11.5    0.000000        0.000000        0.000000        0.000000        0.000000        0.000000        0.000000        0.000000        0.000000        0.000000        0.000000       0.6105268E-03   0.2025655E-03   0.2831968E-03   0.3718132E-04    0.000000        0.000000        0.000000        0.000000        0.000000        0.000000       0.4171716E-04   0.2258409E-03   0.2440538E-03   0.5779706E-03    0.000000        0.000000        0.000000        0.000000        0.000000        0.000000        0.000000        0.000000        0.000000        0.000000        0.000000    
 12.5    0.000000        0.000000        0.000000        0.000000        0.000000        0.000000        0.000000        0.000000        0.000000        0.000000        0.000000        0.000000       0.1300240E-03   0.1016995E-03   0.2334714E-03    0.000000        0.000000        0.000000        0.000000        0.000000        0.000000       0.2226662E-03   0.1124320E-03   0.1019659E-03    0.000000        0.000000        0.000000        0.000000        0.000000        0.000000        0.000000        0.000000        0.000000        0.000000        0.000000        0.000000    
 13.5    0.000000        0.000000        0.000000        0.000000        0.000000        0.000000        0.000000        0.000000        0.000000        0.000000        0.000000        0.000000       0.1627792E-04   0.6152268E-04   0.6531653E-04   0.1513916E-03    0.000000        0.000000        0.000000        0.000000       0.1475622E-03   0.6573287E-04   0.5298240E-04   0.1423623E-04    0.000000        0.000000        0.000000        0.000000        0.000000        0.000000        0.000000        0.000000        0.000000        0.000000        0.000000        0.000000    
 14.5    0.000000        0.000000        0.000000        0.000000        0.000000        0.000000        0.000000        0.000000        0.000000        0.000000        0.000000        0.000000        0.000000       0.2994921E-06   0.6965448E-04   0.1339000E-03   0.7102824E-04   0.6253044E-06   0.6111406E-06   0.7221048E-04   0.1359617E-03   0.8652836E-04   0.8783326E-06    0.000000        0.000000        0.000000        0.000000        0.000000        0.000000        0.000000        0.000000        0.000000        0.000000        0.000000        0.000000        0.000000    
 15.5    0.000000        0.000000        0.000000        0.000000        0.000000        0.000000        0.000000        0.000000        0.000000        0.000000        0.000000        0.000000        0.000000        0.000000       0.4152919E-04   0.1663788E-04   0.6853581E-06   0.2299619E-05   0.2324673E-05   0.5103692E-06   0.1732827E-04   0.4737212E-04    0.000000        0.000000        0.000000        0.000000        0.000000        0.000000        0.000000        0.000000        0.000000        0.000000        0.000000        0.000000        0.000000        0.000000    
 16.5    0.000000        0.000000        0.000000        0.000000        0.000000        0.000000        0.000000        0.000000        0.000000        0.000000        0.000000        0.000000        0.000000        0.000000        0.000000       0.3748073E-07   0.2031710E-07   0.1227981E-06   0.8138716E-07   0.1581252E-07   0.9110396E-07    0.000000        0.000000        0.000000        0.000000        0.000000        0.000000        0.000000        0.000000        0.000000        0.000000        0.000000        0.000000        0.000000        0.000000        0.000000    
 17.5    0.000000        0.000000        0.000000        0.000000        0.000000        0.000000        0.000000        0.000000        0.000000        0.000000        0.000000        0.000000        0.000000        0.000000        0.000000        0.000000        0.000000        0.000000        0.000000        0.000000        0.000000        0.000000        0.000000        0.000000        0.000000        0.000000        0.000000        0.000000        0.000000        0.000000        0.000000        0.000000        0.000000        0.000000        0.000000        0.000000    
 18.5    0.000000        0.000000        0.000000        0.000000        0.000000        0.000000        0.000000        0.000000        0.000000        0.000000        0.000000        0.000000        0.000000        0.000000        0.000000        0.000000        0.000000        0.000000        0.000000        0.000000        0.000000        0.000000        0.000000        0.000000        0.000000        0.000000        0.000000        0.000000        0.000000        0.000000        0.000000        0.000000        0.000000        0.000000        0.000000        0.000000    
 19.5    0.000000        0.000000        0.000000        0.000000        0.000000        0.000000        0.000000        0.000000        0.000000        0.000000        0.000000        0.000000        0.000000        0.000000        0.000000        0.000000        0.000000        0.000000        0.000000        0.000000        0.000000        0.000000        0.000000        0.000000        0.000000        0.000000        0.000000        0.000000        0.000000        0.000000        0.000000        0.000000        0.000000        0.000000        0.000000        0.000000    
 20.5    0.000000        0.000000        0.000000        0.000000        0.000000        0.000000        0.000000        0.000000        0.000000        0.000000        0.000000        0.000000        0.000000        0.000000        0.000000        0.000000        0.000000        0.000000        0.000000        0.000000        0.000000        0.000000        0.000000        0.000000        0.000000        0.000000        0.000000        0.000000        0.000000        0.000000        0.000000        0.000000        0.000000        0.000000        0.000000        0.000000    
 21.5    0.000000        0.000000        0.000000        0.000000        0.000000        0.000000        0.000000        0.000000        0.000000        0.000000        0.000000        0.000000        0.000000        0.000000        0.000000        0.000000        0.000000        0.000000        0.000000        0.000000        0.000000        0.000000        0.000000        0.000000        0.000000        0.000000        0.000000        0.000000        0.000000        0.000000        0.000000        0.000000        0.000000        0.000000        0.000000        0.000000    
 22.5    0.000000        0.000000        0.000000        0.000000        0.000000        0.000000        0.000000        0.000000        0.000000        0.000000        0.000000        0.000000        0.000000        0.000000        0.000000        0.000000        0.000000        0.000000        0.000000        0.000000        0.000000        0.000000        0.000000        0.000000        0.000000        0.000000        0.000000        0.000000        0.000000        0.000000        0.000000        0.000000        0.000000        0.000000        0.000000        0.000000    
 
 1 Centimeter
  0.5   0.3921519E-09   0.2533315E-09   0.2341944E-09   0.8006733E-09    0.000000        0.000000        0.000000        0.000000        0.000000        0.000000       0.2427364E-08   0.1510692E-08   0.1446944E-09   0.8542241E-10   0.1317963E-09   0.5424716E-10   0.7310205E-10   0.7147141E-10   0.7167971E-10   0.7345620E-10   0.5338674E-10   0.1330212E-09   0.8413590E-10   0.1436217E-09   0.1509645E-08   0.2413325E-08    0.000000        0.000000        0.000000        0.000000        0.000000        0.000000       0.7771954E-09   0.2458245E-09   0.2430281E-09   0.3985751E-09
  1.5   0.8139332E-10   0.1058829E-09   0.7965966E-10   0.3617861E-09   0.1207861E-08   0.1502922E-08   0.2014348E-08   0.2175731E-09    0.000000        0.000000       0.1681685E-07    0.000000        0.000000        0.000000        0.000000        0.000000        0.000000        0.000000        0.000000        0.000000        0.000000        0.000000        0.000000        0.000000        0.000000       0.1654722E-07    0.000000        0.000000       0.2133000E-09   0.1998761E-08   0.1488014E-08   0.1196553E-08   0.3611659E-09   0.7946595E-10   0.1057071E-09   0.8180824E-10
  2.5   0.5023965E-12   0.1354145E-10   0.4487457E-09   0.3938288E-09   0.2521468E-09   0.4913571E-09   0.1533613E-09   0.2748825E-08   0.2414926E-08    0.000000       0.3051303E-07    0.000000        0.000000        0.000000        0.000000        0.000000        0.000000        0.000000        0.000000        0.000000        0.000000        0.000000        0.000000        0.000000        0.000000       0.3009971E-07    0.000000       0.2411841E-08   0.2740540E-08   0.1558071E-09   0.5035762E-09   0.2539182E-09   0.4271784E-09   0.4404860E-09   0.2235638E-10   0.3131260E-13
  3.5    0.000000        0.000000        0.000000        0.000000       0.6536618E-09   0.3053233E-08   0.1699390E-08   0.1939714E-08   0.7542306E-08   0.4718479E-08   0.8250797E-07    0.000000        0.000000        0.000000        0.000000        0.000000        0.000000        0.000000        0.000000        0.000000        0.000000        0.000000        0.000000        0.000000        0.000000       0.8392448E-07   0.4638591E-08   0.7524148E-08   0.1967753E-08   0.1924000E-08   0.3365753E-08   0.6742464E-09    0.000000        0.000000        0.000000        0.000000    
  4.5    0.000000        0.000000        0.000000        0.000000        0.000000        0.000000       0.2919929E-08   0.1267129E-07   0.1922769E-08   0.1386050E-07   0.6464257E-07   0.2051393E-07    0.000000        0.000000        0.000000        0.000000        0.000000        0.000000        0.000000        0.000000        0.000000        0.000000        0.000000        0.000000       0.2069496E-07   0.6488561E-07   0.1400848E-07   0.1897563E-08   0.1281011E-07   0.2892874E-08    0.000000        0.000000        0.000000        0.000000        0.000000        0.000000    
  5.5    0.000000        0.000000        0.000000        0.000000        0.000000        0.000000        0.000000       0.2443588E-08   0.9810579E-08   0.3484631E-08   0.9706794E-08   0.1048086E-06    0.000000        0.000000        0.000000        0.000000        0.000000        0.000000        0.000000        0.000000        0.000000        0.000000        0.000000        0.000000       0.1043930E-06   0.9747382E-08   0.3570818E-08   0.9433621E-08   0.2000071E-08    0.000000        0.000000        0.000000        0.000000        0.000000        0.000000        0.000000    
  6.5    0.000000        0.000000        0.000000        0.000000        0.000000        0.000000        0.000000        0.000000       0.2328181E-08   0.8651443E-08   0.1231002E-07   0.1091457E-06    0.000000        0.000000        0.000000        0.000000        0.000000        0.000000        0.000000        0.000000        0.000000        0.000000        0.000000        0.000000       0.1104241E-06   0.1214222E-07   0.8873323E-08   0.2045746E-08    0.000000        0.000000        0.000000        0.000000        0.000000        0.000000        0.000000        0.000000    
  7.5    0.000000        0.000000        0.000000        0.000000        0.000000        0.000000        0.000000        0.000000        0.000000       0.4309283E-08   0.1162860E-07   0.3453093E-07   0.8167351E-07    0.000000        0.000000        0.000000        0.000000        0.000000        0.000000        0.000000        0.000000        0.000000        0.000000       0.8176376E-07   0.3453128E-07   0.1130715E-07   0.5167413E-08    0.000000        0.000000        0.000000        0.000000        0.000000        0.000000        0.000000        0.000000        0.000000    
  8.5    0.000000        0.000000        0.000000        0.000000        0.000000        0.000000        0.000000        0.000000        0.000000       0.4955420E-09   0.6502096E-08   0.2285037E-07   0.9427836E-07    0.000000        0.000000        0.000000        0.000000        0.000000        0.000000        0.000000        0.000000        0.000000        0.000000       0.9463027E-07   0.2322305E-07   0.6416643E-08   0.6366840E-09    0.000000        0.000000        0.000000        0.000000        0.000000        0.000000        0.000000        0.000000        0.000000    
  9.5    0.000000        0.000000        0.000000        0.000000        0.000000        0.000000        0.000000        0.000000        0.000000        0.000000       0.3686443E-08   0.9052774E-08   0.1723050E-06   0.3027857E-07    0.000000        0.000000        0.000000        0.000000        0.000000        0.000000        0.000000        0.000000       0.3047071E-07   0.1703419E-06   0.9118345E-08   0.4281299E-08    0.000000        0.000000        0.000000        0.000000        0.000000        0.000000        0.000000        0.000000        0.000000        0.000000    
 10.5    0.000000        0.000000        0.000000        0.000000        0.000000        0.000000        0.000000        0.000000        0.000000        0.000000        0.000000       0.2279115E-07   0.3321169E-07   0.1235645E-06    0.000000        0.000000        0.000000        0.000000        0.000000        0.000000        0.000000        0.000000       0.1241759E-06   0.3413444E-07   0.2162141E-07    0.000000        0.000000        0.000000        0.000000        0.000000        0.000000        0.000000        0.000000        0.000000        0.000000        0.000000    
 11.5    0.000000        0.000000        0.000000        0.000000        0.000000        0.000000        0.000000        0.000000        0.000000        0.000000        0.000000       0.1631514E-08   0.8509712E-08   0.7205466E-07   0.5704943E-07    0.000000        0.000000        0.000000        0.000000        0.000000        0.000000       0.5727663E-07   0.7203979E-07   0.8483866E-08   0.1693009E-08    0.000000        0.000000        0.000000        0.000000        0.000000        0.000000        0.000000        0.000000        0.000000        0.000000        0.000000    
 12.5    0.000000        0.000000        0.000000        0.000000        0.000000        0.000000        0.000000        0.000000        0.000000        0.000000        0.000000        0.000000       0.1154922E-07   0.2086433E-07   0.2632537E-06    0.000000        0.000000        0.000000        0.000000        0.000000        0.000000       0.2619556E-06   0.1982253E-07   0.9986388E-08    0.000000        0.000000        0.000000        0.000000        0.000000        0.000000        0.000000        0.000000        0.000000        0.000000        0.000000        0.000000    
 13.5    0.000000        0.000000        0.000000        0.000000        0.000000        0.000000        0.000000        0.000000        0.000000        0.000000        0.000000        0.000000       0.5809343E-10   0.1794597E-08   0.3659778E-07   0.1744761E-06    0.000000        0.000000        0.000000        0.000000       0.1770908E-06   0.3703160E-07   0.1766049E-08   0.3373565E-10    0.000000        0.000000        0.000000        0.000000        0.000000        0.000000        0.000000        0.000000        0.000000        0.000000        0.000000        0.000000    
 14.5    0.000000        0.000000        0.000000        0.000000        0.000000        0.000000        0.000000        0.000000        0.000000        0.000000        0.000000        0.000000        0.000000       0.1318081E-10   0.6225262E-08   0.7596591E-07   0.9174290E-07   0.8929260E-09   0.9067366E-09   0.9264625E-07   0.7650410E-07   0.6183766E-08    0.000000        0.000000        0.000000        0.000000        0.000000        0.000000        0.000000        0.000000        0.000000        0.000000        0.000000        0.000000        0.000000        0.000000    
 15.5    0.000000        0.000000        0.000000        0.000000        0.000000        0.000000        0.000000        0.000000        0.000000        0.000000        0.000000        0.000000        0.000000        0.000000       0.1460599E-10   0.3040358E-08   0.3863410E-09   0.2892592E-08   0.2928283E-08   0.3456099E-09   0.3536971E-08   0.2061783E-10    0.000000        0.000000        0.000000        0.000000        0.000000        0.000000        0.000000        0.000000        0.000000        0.000000        0.000000        0.000000        0.000000        0.000000    
 16.5    0.000000        0.000000        0.000000        0.000000        0.000000        0.000000        0.000000        0.000000        0.000000        0.000000        0.000000        0.000000        0.000000        0.000000        0.000000        0.000000        0.000000       0.1133406E-09   0.1257309E-09    0.000000        0.000000        0.000000        0.000000        0.000000        0.000000        0.000000        0.000000        0.000000        0.000000        0.000000        0.000000        0.000000        0.000000        0.000000        0.000000        0.000000    
 17.5    0.000000        0.000000        0.000000        0.000000        0.000000        0.000000        0.000000        0.000000        0.000000        0.000000        0.000000        0.000000        0.000000        0.000000        0.000000        0.000000        0.000000        0.000000        0.000000        0.000000        0.000000        0.000000        0.000000        0.000000        0.000000        0.000000        0.000000        0.000000        0.000000        0.000000        0.000000        0.000000        0.000000        0.000000        0.000000        0.000000    
 18.5    0.000000        0.000000        0.000000        0.000000        0.000000        0.000000        0.000000        0.000000        0.000000        0.000000        0.000000        0.000000        0.000000        0.000000        0.000000        0.000000        0.000000        0.000000        0.000000        0.000000        0.000000        0.000000        0.000000        0.000000        0.000000        0.000000        0.000000        0.000000        0.000000        0.000000        0.000000        0.000000        0.000000        0.000000        0.000000        0.000000    
 19.5    0.000000        0.000000        0.000000        0.000000        0.000000        0.000000        0.000000        0.000000        0.000000        0.000000        0.000000        0.000000        0.000000        0.000000        0.000000        0.000000        0.000000        0.000000        0.000000        0.000000        0.000000        0.000000        0.000000        0.000000        0.000000        0.000000        0.000000        0.000000        0.000000        0.000000        0.000000        0.000000        0.000000        0.000000        0.000000        0.000000    
 20.5    0.000000        0.000000        0.000000        0.000000        0.000000        0.000000        0.000000        0.000000        0.000000        0.000000        0.000000        0.000000        0.000000        0.000000        0.000000        0.000000        0.000000        0.000000        0.000000        0.000000        0.000000        0.000000        0.000000        0.000000        0.000000        0.000000        0.000000        0.000000        0.000000        0.000000        0.000000        0.000000        0.000000        0.000000        0.000000        0.000000    
 21.5    0.000000        0.000000        0.000000        0.000000        0.000000        0.000000        0.000000        0.000000        0.000000        0.000000        0.000000        0.000000        0.000000        0.000000        0.000000        0.000000        0.000000        0.000000        0.000000        0.000000        0.000000        0.000000        0.000000        0.000000        0.000000        0.000000        0.000000        0.000000        0.000000        0.000000        0.000000        0.000000        0.000000        0.000000        0.000000        0.000000    
 22.5    0.000000        0.000000        0.000000        0.000000        0.000000        0.000000        0.000000        0.000000        0.000000        0.000000        0.000000        0.000000        0.000000        0.000000        0.000000        0.000000        0.000000        0.000000        0.000000        0.000000        0.000000        0.000000        0.000000        0.000000        0.000000        0.000000        0.000000        0.000000        0.000000        0.000000        0.000000        0.000000        0.000000        0.000000        0.000000        0.000000    
 
 10 Centimeters
  0.5   0.1710124E-11   0.2183762E-11   0.2804938E-11   0.1235056E-10    0.000000        0.000000        0.000000        0.000000        0.000000        0.000000       0.6477691E-09   0.4938538E-09   0.4555704E-10   0.2513946E-10   0.4186004E-10   0.1629449E-10   0.2185110E-10   0.2012594E-10   0.2020505E-10   0.2168759E-10   0.1637124E-10   0.4193083E-10   0.2478007E-10   0.4509922E-10   0.4938308E-09   0.6431669E-09    0.000000        0.000000        0.000000        0.000000        0.000000        0.000000       0.1242637E-10   0.3220685E-11   0.2008747E-11   0.2231986E-11
  1.5   0.8139332E-10   0.1058829E-09   0.5855804E-10   0.9163902E-11   0.3902116E-10   0.4629243E-10   0.9125937E-10   0.2614280E-10    0.000000        0.000000       0.1934589E-08    0.000000        0.000000        0.000000        0.000000        0.000000        0.000000        0.000000        0.000000        0.000000        0.000000        0.000000        0.000000        0.000000        0.000000       0.1932876E-08    0.000000        0.000000       0.2781055E-10   0.9446512E-10   0.4731612E-10   0.4061004E-10   0.9879762E-11   0.5950835E-10   0.1057071E-09   0.8180824E-10
  2.5   0.4797389E-13   0.1721450E-12   0.2106961E-10   0.6381128E-10   0.5419387E-10   0.1232002E-09   0.3627273E-11   0.3398953E-09   0.1491023E-09    0.000000       0.1972721E-08    0.000000        0.000000        0.000000        0.000000        0.000000        0.000000        0.000000        0.000000        0.000000        0.000000        0.000000        0.000000        0.000000        0.000000       0.1983550E-08    0.000000       0.1485885E-09   0.3436272E-09   0.3275979E-11   0.1155371E-09   0.5354406E-10   0.6627554E-10   0.2038037E-10   0.1013459E-12   0.3131260E-13
  3.5    0.000000        0.000000        0.000000        0.000000       0.9187602E-12   0.6476393E-11   0.1621547E-09   0.1273314E-09   0.3086690E-09   0.3035520E-09   0.3112267E-08    0.000000        0.000000        0.000000        0.000000        0.000000        0.000000        0.000000        0.000000        0.000000        0.000000        0.000000        0.000000        0.000000        0.000000       0.3095242E-08   0.3092561E-09   0.3110795E-09   0.1266932E-09   0.1499057E-09   0.1321940E-11   0.2496568E-12    0.000000        0.000000        0.000000        0.000000    
  4.5    0.000000        0.000000        0.000000        0.000000        0.000000        0.000000       0.1172158E-10   0.3161891E-09   0.8700442E-10   0.8150360E-09   0.4682020E-08   0.2695658E-08    0.000000        0.000000        0.000000        0.000000        0.000000        0.000000        0.000000        0.000000        0.000000        0.000000        0.000000        0.000000       0.2670032E-08   0.4694526E-08   0.8312904E-09   0.9124629E-10   0.3127151E-09   0.4873297E-11    0.000000        0.000000        0.000000        0.000000        0.000000        0.000000    
  5.5    0.000000        0.000000        0.000000        0.000000        0.000000        0.000000        0.000000       0.3341893E-11   0.4660253E-09   0.3500405E-09   0.6098054E-09   0.9059778E-08    0.000000        0.000000        0.000000        0.000000        0.000000        0.000000        0.000000        0.000000        0.000000        0.000000        0.000000        0.000000       0.9051657E-08   0.6292409E-09   0.3400026E-09   0.4606251E-09   0.3499393E-11    0.000000        0.000000        0.000000        0.000000        0.000000        0.000000        0.000000    
  6.5    0.000000        0.000000        0.000000        0.000000        0.000000        0.000000        0.000000        0.000000       0.2465916E-10   0.1330140E-08   0.1031684E-08   0.8844409E-08    0.000000        0.000000        0.000000        0.000000        0.000000        0.000000        0.000000        0.000000        0.000000        0.000000        0.000000        0.000000       0.8806946E-08   0.1062136E-08   0.1320425E-08   0.2136673E-10    0.000000        0.000000        0.000000        0.000000        0.000000        0.000000        0.000000        0.000000    
  7.5    0.000000        0.000000        0.000000        0.000000        0.000000        0.000000        0.000000        0.000000        0.000000       0.1895443E-09   0.6236143E-09   0.2917017E-08   0.3763440E-08    0.000000        0.000000        0.000000        0.000000        0.000000        0.000000        0.000000        0.000000        0.000000        0.000000       0.3769365E-08   0.2959433E-08   0.6535249E-09   0.1926362E-09    0.000000        0.000000        0.000000        0.000000        0.000000        0.000000        0.000000        0.000000        0.000000    
  8.5    0.000000        0.000000        0.000000        0.000000        0.000000        0.000000        0.000000        0.000000        0.000000        0.000000       0.1307302E-08   0.1363233E-08   0.8919987E-08    0.000000        0.000000        0.000000        0.000000        0.000000        0.000000        0.000000        0.000000        0.000000        0.000000       0.8893657E-08   0.1372511E-08   0.1293185E-08    0.000000        0.000000        0.000000        0.000000        0.000000        0.000000        0.000000        0.000000        0.000000        0.000000    
  9.5    0.000000        0.000000        0.000000        0.000000        0.000000        0.000000        0.000000        0.000000        0.000000        0.000000       0.4571757E-10   0.7938981E-09   0.7770560E-08   0.3566302E-08    0.000000        0.000000        0.000000        0.000000        0.000000        0.000000        0.000000        0.000000       0.3589815E-08   0.7829624E-08   0.7825448E-09   0.4100416E-10    0.000000        0.000000        0.000000        0.000000        0.000000        0.000000        0.000000        0.000000        0.000000        0.000000    
 10.5    0.000000        0.000000        0.000000        0.000000        0.000000        0.000000        0.000000        0.000000        0.000000        0.000000        0.000000       0.4626017E-09   0.1612436E-08   0.1626929E-07    0.000000        0.000000        0.000000        0.000000        0.000000        0.000000        0.000000        0.000000       0.1622788E-07   0.1642360E-08   0.4460369E-09    0.000000        0.000000        0.000000        0.000000        0.000000        0.000000        0.000000        0.000000        0.000000        0.000000        0.000000    
 11.5    0.000000        0.000000        0.000000        0.000000        0.000000        0.000000        0.000000        0.000000        0.000000        0.000000        0.000000       0.6174468E-10   0.4350819E-09   0.7669022E-08   0.5406814E-08    0.000000        0.000000        0.000000        0.000000        0.000000        0.000000       0.5429444E-08   0.7793415E-08   0.4410864E-09   0.6433704E-10    0.000000        0.000000        0.000000        0.000000        0.000000        0.000000        0.000000        0.000000        0.000000        0.000000        0.000000    
 12.5    0.000000        0.000000        0.000000        0.000000        0.000000        0.000000        0.000000        0.000000        0.000000        0.000000        0.000000        0.000000       0.2333382E-09   0.2096330E-08   0.1875593E-07    0.000000        0.000000        0.000000        0.000000        0.000000        0.000000       0.1877782E-07   0.2138334E-08   0.1914674E-09    0.000000        0.000000        0.000000        0.000000        0.000000        0.000000        0.000000        0.000000        0.000000        0.000000        0.000000        0.000000    
 13.5    0.000000        0.000000        0.000000        0.000000        0.000000        0.000000        0.000000        0.000000        0.000000        0.000000        0.000000        0.000000       0.1379884E-11   0.3281396E-09   0.3259488E-08   0.1743557E-07    0.000000        0.000000        0.000000        0.000000       0.1742180E-07   0.3302258E-08   0.3272535E-09   0.3359404E-12    0.000000        0.000000        0.000000        0.000000        0.000000        0.000000        0.000000        0.000000        0.000000        0.000000        0.000000        0.000000    
 14.5    0.000000        0.000000        0.000000        0.000000        0.000000        0.000000        0.000000        0.000000        0.000000        0.000000        0.000000        0.000000        0.000000       0.1318081E-10   0.6504346E-09   0.1164203E-07   0.8622049E-08    0.000000        0.000000       0.8635589E-08   0.1175360E-07   0.6127768E-09    0.000000        0.000000        0.000000        0.000000        0.000000        0.000000        0.000000        0.000000        0.000000        0.000000        0.000000        0.000000        0.000000        0.000000    
 15.5    0.000000        0.000000        0.000000        0.000000        0.000000        0.000000        0.000000        0.000000        0.000000        0.000000        0.000000        0.000000        0.000000        0.000000       0.6558446E-11   0.5002687E-09   0.3863410E-09   0.1661732E-11   0.1445107E-11   0.3456099E-09   0.5346282E-09    0.000000        0.000000        0.000000        0.000000        0.000000        0.000000        0.000000        0.000000        0.000000        0.000000        0.000000        0.000000        0.000000        0.000000        0.000000    
 16.5    0.000000        0.000000        0.000000        0.000000        0.000000        0.000000        0.000000        0.000000        0.000000        0.000000        0.000000        0.000000        0.000000        0.000000        0.000000        0.000000        0.000000       0.1133406E-09   0.1257309E-09    0.000000        0.000000        0.000000        0.000000        0.000000        0.000000        0.000000        0.000000        0.000000        0.000000        0.000000        0.000000        0.000000        0.000000        0.000000        0.000000        0.000000    
 17.5    0.000000        0.000000        0.000000        0.000000        0.000000        0.000000        0.000000        0.000000        0.000000        0.000000        0.000000        0.000000        0.000000        0.000000        0.000000        0.000000        0.000000        0.000000        0.000000        0.000000        0.000000        0.000000        0.000000        0.000000        0.000000        0.000000        0.000000        0.000000        0.000000        0.000000        0.000000        0.000000        0.000000        0.000000        0.000000        0.000000    
 18.5    0.000000        0.000000        0.000000        0.000000        0.000000        0.000000        0.000000        0.000000        0.000000        0.000000        0.000000        0.000000        0.000000        0.000000        0.000000        0.000000        0.000000        0.000000        0.000000        0.000000        0.000000        0.000000        0.000000        0.000000        0.000000        0.000000        0.000000        0.000000        0.000000        0.000000        0.000000        0.000000        0.000000        0.000000        0.000000        0.000000    
 19.5    0.000000        0.000000        0.000000        0.000000        0.000000        0.000000        0.000000        0.000000        0.000000        0.000000        0.000000        0.000000        0.000000        0.000000        0.000000        0.000000        0.000000        0.000000        0.000000        0.000000        0.000000        0.000000        0.000000        0.000000        0.000000        0.000000        0.000000        0.000000        0.000000        0.000000        0.000000        0.000000        0.000000        0.000000        0.000000        0.000000    
 20.5    0.000000        0.000000        0.000000        0.000000        0.000000        0.000000        0.000000        0.000000        0.000000        0.000000        0.000000        0.000000        0.000000        0.000000        0.000000        0.000000        0.000000        0.000000        0.000000        0.000000        0.000000        0.000000        0.000000        0.000000        0.000000        0.000000        0.000000        0.000000        0.000000        0.000000        0.000000        0.000000        0.000000        0.000000        0.000000        0.000000    
 21.5    0.000000        0.000000        0.000000        0.000000        0.000000        0.000000        0.000000        0.000000        0.000000        0.000000        0.000000        0.000000        0.000000        0.000000        0.000000        0.000000        0.000000        0.000000        0.000000        0.000000        0.000000        0.000000        0.000000        0.000000        0.000000        0.000000        0.000000        0.000000        0.000000        0.000000        0.000000        0.000000        0.000000        0.000000        0.000000        0.000000    
 22.5    0.000000        0.000000        0.000000        0.000000        0.000000        0.000000        0.000000        0.000000        0.000000        0.000000        0.000000        0.000000        0.000000        0.000000        0.000000        0.000000        0.000000        0.000000        0.000000        0.000000        0.000000        0.000000        0.000000        0.000000        0.000000        0.000000        0.000000        0.000000        0.000000        0.000000        0.000000        0.000000        0.000000        0.000000        0.000000        0.000000    
 
 1 Meter
  0.5   0.1693872E-11   0.1881118E-11   0.2193480E-11   0.9518139E-11    0.000000        0.000000        0.000000        0.000000        0.000000        0.000000       0.3576389E-09   0.2514480E-09   0.2277613E-10   0.1288297E-10   0.2127550E-10   0.8335536E-11   0.1106269E-10   0.1000844E-10   0.1031300E-10   0.1110459E-10   0.8242712E-11   0.2171734E-10   0.1259976E-10   0.2297237E-10   0.2524796E-09   0.3595921E-09    0.000000        0.000000        0.000000        0.000000        0.000000        0.000000       0.9166660E-11   0.2122141E-11   0.1489304E-11   0.1486142E-11
  1.5   0.6859327E-10   0.8953411E-10   0.5154147E-10   0.6224578E-11   0.2706536E-10   0.3386217E-10   0.6612391E-10   0.1938941E-10    0.000000        0.000000       0.1043543E-08    0.000000        0.000000        0.000000        0.000000        0.000000        0.000000        0.000000        0.000000        0.000000        0.000000        0.000000        0.000000        0.000000        0.000000       0.1052348E-08    0.000000        0.000000       0.1894689E-10   0.6677125E-10   0.3511069E-10   0.2881291E-10   0.7004953E-11   0.5176024E-10   0.9252962E-10   0.6983657E-10
  2.5   0.4797389E-13   0.1339265E-12   0.1706809E-10   0.5476961E-10   0.4573194E-10   0.1041705E-09   0.3627273E-11   0.2458457E-09   0.1090772E-09    0.000000       0.1197444E-08    0.000000        0.000000        0.000000        0.000000        0.000000        0.000000        0.000000        0.000000        0.000000        0.000000        0.000000        0.000000        0.000000        0.000000       0.1205761E-08    0.000000       0.1100284E-09   0.2405460E-09   0.2990736E-11   0.9954082E-10   0.4724217E-10   0.5654764E-10   0.1607736E-10   0.5775818E-13   0.3131260E-13
  3.5    0.000000        0.000000        0.000000        0.000000       0.9135482E-12   0.5344680E-11   0.1383548E-09   0.1077934E-09   0.2153223E-09   0.2260590E-09   0.1952279E-08    0.000000        0.000000        0.000000        0.000000        0.000000        0.000000        0.000000        0.000000        0.000000        0.000000        0.000000        0.000000        0.000000        0.000000       0.1942807E-08   0.2389607E-09   0.2206380E-09   0.1105921E-09   0.1331949E-09   0.1044330E-11   0.1909938E-13    0.000000        0.000000        0.000000        0.000000    
  4.5    0.000000        0.000000        0.000000        0.000000        0.000000        0.000000       0.9299664E-11   0.2691268E-09   0.7725746E-10   0.5197007E-09   0.3054216E-08   0.1697635E-08    0.000000        0.000000        0.000000        0.000000        0.000000        0.000000        0.000000        0.000000        0.000000        0.000000        0.000000        0.000000       0.1667895E-08   0.2965374E-08   0.5373338E-09   0.8016191E-10   0.2823343E-09   0.3814514E-11    0.000000        0.000000        0.000000        0.000000        0.000000        0.000000    
  5.5    0.000000        0.000000        0.000000        0.000000        0.000000        0.000000        0.000000       0.2666696E-11   0.3841050E-09   0.2271460E-09   0.3941371E-09   0.4086718E-08    0.000000        0.000000        0.000000        0.000000        0.000000        0.000000        0.000000        0.000000        0.000000        0.000000        0.000000        0.000000       0.4056012E-08   0.3992173E-09   0.2198585E-09   0.3802662E-09   0.3490860E-11    0.000000        0.000000        0.000000        0.000000        0.000000        0.000000        0.000000    
  6.5    0.000000        0.000000        0.000000        0.000000        0.000000        0.000000        0.000000        0.000000       0.1823021E-10   0.1107889E-08   0.6318203E-09   0.4421094E-08    0.000000        0.000000        0.000000        0.000000        0.000000        0.000000        0.000000        0.000000        0.000000        0.000000        0.000000        0.000000       0.4459569E-08   0.6611963E-09   0.1106163E-08   0.1619359E-10    0.000000        0.000000        0.000000        0.000000        0.000000        0.000000        0.000000        0.000000    
  7.5    0.000000        0.000000        0.000000        0.000000        0.000000        0.000000        0.000000        0.000000        0.000000       0.1576311E-09   0.5194520E-09   0.1780644E-08   0.2173534E-08    0.000000        0.000000        0.000000        0.000000        0.000000        0.000000        0.000000        0.000000        0.000000        0.000000       0.2192625E-08   0.1822349E-08   0.5495005E-09   0.1577277E-09    0.000000        0.000000        0.000000        0.000000        0.000000        0.000000        0.000000        0.000000        0.000000    
  8.5    0.000000        0.000000        0.000000        0.000000        0.000000        0.000000        0.000000        0.000000        0.000000        0.000000       0.1068504E-08   0.9670288E-09   0.5051304E-08    0.000000        0.000000        0.000000        0.000000        0.000000        0.000000        0.000000        0.000000        0.000000        0.000000       0.5072947E-08   0.9928056E-09   0.1060797E-08    0.000000        0.000000        0.000000        0.000000        0.000000        0.000000        0.000000        0.000000        0.000000        0.000000    
  9.5    0.000000        0.000000        0.000000        0.000000        0.000000        0.000000        0.000000        0.000000        0.000000        0.000000       0.4085009E-10   0.6039166E-09   0.4377778E-08   0.2018438E-08    0.000000        0.000000        0.000000        0.000000        0.000000        0.000000        0.000000        0.000000       0.2015936E-08   0.4458634E-08   0.6251188E-09   0.3702362E-10    0.000000        0.000000        0.000000        0.000000        0.000000        0.000000        0.000000        0.000000        0.000000        0.000000    
 10.5    0.000000        0.000000        0.000000        0.000000        0.000000        0.000000        0.000000        0.000000        0.000000        0.000000        0.000000       0.3947684E-09   0.1181367E-08   0.8534424E-08    0.000000        0.000000        0.000000        0.000000        0.000000        0.000000        0.000000        0.000000       0.8555674E-08   0.1199376E-08   0.3778899E-09    0.000000        0.000000        0.000000        0.000000        0.000000        0.000000        0.000000        0.000000        0.000000        0.000000        0.000000    
 11.5    0.000000        0.000000        0.000000        0.000000        0.000000        0.000000        0.000000        0.000000        0.000000        0.000000        0.000000       0.5472919E-10   0.3421178E-09   0.4409626E-08   0.2496280E-08    0.000000        0.000000        0.000000        0.000000        0.000000        0.000000       0.2513773E-08   0.4431198E-08   0.3501624E-09   0.5337692E-10    0.000000        0.000000        0.000000        0.000000        0.000000        0.000000        0.000000        0.000000        0.000000        0.000000        0.000000    
 12.5    0.000000        0.000000        0.000000        0.000000        0.000000        0.000000        0.000000        0.000000        0.000000        0.000000        0.000000        0.000000       0.1826684E-09   0.1447550E-08   0.9087404E-08    0.000000        0.000000        0.000000        0.000000        0.000000        0.000000       0.9185305E-08   0.1426397E-08   0.1596395E-09    0.000000        0.000000        0.000000        0.000000        0.000000        0.000000        0.000000        0.000000        0.000000        0.000000        0.000000        0.000000    
 13.5    0.000000        0.000000        0.000000        0.000000        0.000000        0.000000        0.000000        0.000000        0.000000        0.000000        0.000000        0.000000       0.1160454E-11   0.2840478E-09   0.1618068E-08   0.7106522E-08    0.000000        0.000000        0.000000        0.000000       0.6911613E-08   0.1621790E-08   0.2828219E-09   0.3025903E-12    0.000000        0.000000        0.000000        0.000000        0.000000        0.000000        0.000000        0.000000        0.000000        0.000000        0.000000        0.000000    
 14.5    0.000000        0.000000        0.000000        0.000000        0.000000        0.000000        0.000000        0.000000        0.000000        0.000000        0.000000        0.000000        0.000000       0.1010079E-10   0.4692085E-09   0.4794939E-08   0.8468986E-09    0.000000        0.000000       0.8961116E-09   0.4589333E-08   0.4775344E-09    0.000000        0.000000        0.000000        0.000000        0.000000        0.000000        0.000000        0.000000        0.000000        0.000000        0.000000        0.000000        0.000000        0.000000    
 15.5    0.000000        0.000000        0.000000        0.000000        0.000000        0.000000        0.000000        0.000000        0.000000        0.000000        0.000000        0.000000        0.000000        0.000000       0.6558446E-11   0.2449418E-09   0.2204639E-09   0.1061982E-11   0.8238245E-12   0.2510461E-09   0.2342619E-09    0.000000        0.000000        0.000000        0.000000        0.000000        0.000000        0.000000        0.000000        0.000000        0.000000        0.000000        0.000000        0.000000        0.000000        0.000000    
 16.5    0.000000        0.000000        0.000000        0.000000        0.000000        0.000000        0.000000        0.000000        0.000000        0.000000        0.000000        0.000000        0.000000        0.000000        0.000000        0.000000        0.000000       0.8124876E-10   0.6788767E-10    0.000000        0.000000        0.000000        0.000000        0.000000        0.000000        0.000000        0.000000        0.000000        0.000000        0.000000        0.000000        0.000000        0.000000        0.000000        0.000000        0.000000    
 17.5    0.000000        0.000000        0.000000        0.000000        0.000000        0.000000        0.000000        0.000000        0.000000        0.000000        0.000000        0.000000        0.000000        0.000000        0.000000        0.000000        0.000000        0.000000        0.000000        0.000000        0.000000        0.000000        0.000000        0.000000        0.000000        0.000000        0.000000        0.000000        0.000000        0.000000        0.000000        0.000000        0.000000        0.000000        0.000000        0.000000    
 18.5    0.000000        0.000000        0.000000        0.000000        0.000000        0.000000        0.000000        0.000000        0.000000        0.000000        0.000000        0.000000        0.000000        0.000000        0.000000        0.000000        0.000000        0.000000        0.000000        0.000000        0.000000        0.000000        0.000000        0.000000        0.000000        0.000000        0.000000        0.000000        0.000000        0.000000        0.000000        0.000000        0.000000        0.000000        0.000000        0.000000    
 19.5    0.000000        0.000000        0.000000        0.000000        0.000000        0.000000        0.000000        0.000000        0.000000        0.000000        0.000000        0.000000        0.000000        0.000000        0.000000        0.000000        0.000000        0.000000        0.000000        0.000000        0.000000        0.000000        0.000000        0.000000        0.000000        0.000000        0.000000        0.000000        0.000000        0.000000        0.000000        0.000000        0.000000        0.000000        0.000000        0.000000    
 20.5    0.000000        0.000000        0.000000        0.000000        0.000000        0.000000        0.000000        0.000000        0.000000        0.000000        0.000000        0.000000        0.000000        0.000000        0.000000        0.000000        0.000000        0.000000        0.000000        0.000000        0.000000        0.000000        0.000000        0.000000        0.000000        0.000000        0.000000        0.000000        0.000000        0.000000        0.000000        0.000000        0.000000        0.000000        0.000000        0.000000    
 21.5    0.000000        0.000000        0.000000        0.000000        0.000000        0.000000        0.000000        0.000000        0.000000        0.000000        0.000000        0.000000        0.000000        0.000000        0.000000        0.000000        0.000000        0.000000        0.000000        0.000000        0.000000        0.000000        0.000000        0.000000        0.000000        0.000000        0.000000        0.000000        0.000000        0.000000        0.000000        0.000000        0.000000        0.000000        0.000000        0.000000    
 22.5    0.000000        0.000000        0.000000        0.000000        0.000000        0.000000        0.000000        0.000000        0.000000        0.000000        0.000000        0.000000        0.000000        0.000000        0.000000        0.000000        0.000000        0.000000        0.000000        0.000000        0.000000        0.000000        0.000000        0.000000        0.000000        0.000000        0.000000        0.000000        0.000000        0.000000        0.000000        0.000000        0.000000        0.000000        0.000000        0.000000    
