  Table 1. Flux (/m**2/yr) along the S/C orbit in 2016
       Spacecraft - perigee altitude (km), apogee altitude (km), inclination, argument of perigee:    400.0    400.0  51.60   -1.0
  ---> Positions outside LEO are not included here.

 pos  alt     lat   >10 um   >100 um  >1 mm    >1 cm    >10 cm   >1 m
   1  400.0    0.0 1.43E+03 3.79E+01 8.10E-02 4.07E-06 3.19E-07 1.79E-07
   2  400.0    2.8 1.43E+03 3.79E+01 8.09E-02 4.07E-06 3.19E-07 1.79E-07
   3  400.0    5.6 1.53E+03 3.76E+01 7.63E-02 3.92E-06 3.14E-07 1.74E-07
   4  400.0    8.4 1.53E+03 3.75E+01 7.64E-02 3.93E-06 3.16E-07 1.75E-07
   5  400.0   11.2 1.70E+03 4.42E+01 8.56E-02 4.11E-06 3.01E-07 1.61E-07
   6  400.0   14.0 1.68E+03 4.38E+01 8.49E-02 4.09E-06 3.01E-07 1.61E-07
   7  400.0   16.8 2.17E+03 5.80E+01 1.02E-01 4.36E-06 3.10E-07 1.71E-07
   8  400.0   19.5 2.14E+03 5.72E+01 1.01E-01 4.33E-06 3.09E-07 1.70E-07
   9  400.0   22.2 2.39E+03 6.85E+01 1.21E-01 5.18E-06 3.34E-07 1.85E-07
  10  400.0   24.8 2.35E+03 6.75E+01 1.20E-01 5.15E-06 3.35E-07 1.85E-07
  11  400.0   27.4 1.27E+03 2.64E+01 7.33E-02 5.44E-06 3.33E-07 1.73E-07
  12  400.0   30.0 1.23E+03 2.57E+01 7.14E-02 5.37E-06 3.32E-07 1.72E-07
  13  400.0   32.4 3.30E+02 6.26E+00 2.33E-02 3.57E-06 3.21E-07 1.68E-07
  14  400.0   34.8 3.18E+02 5.99E+00 2.24E-02 3.52E-06 3.18E-07 1.65E-07
  15  400.0   37.1 1.70E+02 5.63E+00 1.78E-02 3.25E-06 3.16E-07 1.53E-07
  16  400.0   39.3 1.66E+02 5.42E+00 1.72E-02 3.25E-06 3.14E-07 1.51E-07
  17  400.0   41.4 8.65E+01 1.43E+00 4.59E-03 3.50E-06 3.46E-07 1.70E-07
  18  400.0   43.4 8.68E+01 1.44E+00 4.59E-03 3.51E-06 3.44E-07 1.68E-07
  19  400.0   45.2 1.04E+02 1.53E+00 5.49E-03 3.82E-06 3.76E-07 1.80E-07
  20  400.0   46.8 1.05E+02 1.52E+00 5.43E-03 3.80E-06 3.71E-07 1.77E-07
  21  400.0   48.2 1.05E+02 1.51E+00 5.38E-03 3.80E-06 3.68E-07 1.76E-07
  22  400.0   49.4 1.06E+02 1.50E+00 5.33E-03 3.79E-06 3.67E-07 1.75E-07
  23  400.0   50.3 1.08E+02 1.90E+00 5.87E-03 4.00E-06 3.74E-07 1.77E-07
  24  400.0   51.0 1.07E+02 1.90E+00 5.86E-03 3.98E-06 3.68E-07 1.74E-07
  25  400.0   51.5 1.07E+02 1.90E+00 5.86E-03 3.97E-06 3.62E-07 1.71E-07
  26  400.0   51.6 1.06E+02 1.89E+00 5.87E-03 3.97E-06 3.62E-07 1.71E-07
  27  400.0   51.5 1.05E+02 1.89E+00 5.88E-03 3.98E-06 3.62E-07 1.71E-07
  28  400.0   51.0 1.04E+02 1.88E+00 5.90E-03 3.99E-06 3.67E-07 1.74E-07
  29  400.0   50.3 1.03E+02 1.87E+00 5.92E-03 4.01E-06 3.73E-07 1.78E-07
  30  400.0   49.4 1.11E+02 1.37E+00 4.95E-03 3.80E-06 3.67E-07 1.75E-07
  31  400.0   48.2 1.11E+02 1.36E+00 4.92E-03 3.81E-06 3.68E-07 1.76E-07
  32  400.0   46.8 1.11E+02 1.34E+00 4.89E-03 3.82E-06 3.71E-07 1.77E-07
  33  400.0   45.2 1.11E+02 1.33E+00 4.87E-03 3.84E-06 3.76E-07 1.80E-07
  34  400.0   43.4 8.33E+01 1.42E+00 4.82E-03 3.51E-06 3.43E-07 1.69E-07
  35  400.0   41.4 8.26E+01 1.41E+00 4.84E-03 3.51E-06 3.45E-07 1.71E-07
  36  400.0   39.3 1.69E+02 4.95E+00 1.56E-02 3.24E-06 3.11E-07 1.51E-07
  37  400.0   37.1 1.74E+02 5.16E+00 1.62E-02 3.24E-06 3.13E-07 1.52E-07
  38  400.0   34.8 3.11E+02 6.09E+00 2.26E-02 3.57E-06 3.21E-07 1.67E-07
  39  400.0   32.4 3.20E+02 6.30E+00 2.34E-02 3.58E-06 3.21E-07 1.68E-07
  40  400.0   30.0 1.23E+03 2.66E+01 7.31E-02 5.35E-06 3.27E-07 1.69E-07
  41  400.0   27.4 1.27E+03 2.73E+01 7.52E-02 5.43E-06 3.31E-07 1.72E-07
  42  400.0   24.8 2.36E+03 6.77E+01 1.20E-01 5.13E-06 3.35E-07 1.87E-07
  43  400.0   22.2 2.41E+03 6.91E+01 1.22E-01 5.18E-06 3.37E-07 1.88E-07
  44  400.0   19.5 2.13E+03 5.55E+01 9.79E-02 4.29E-06 3.09E-07 1.67E-07
  45  400.0   16.8 2.17E+03 5.66E+01 9.99E-02 4.33E-06 3.12E-07 1.70E-07
  46  400.0   14.0 1.70E+03 4.36E+01 8.48E-02 4.02E-06 3.01E-07 1.61E-07
  47  400.0   11.2 1.72E+03 4.40E+01 8.55E-02 4.04E-06 3.02E-07 1.61E-07
  48  400.0    8.4 1.53E+03 3.70E+01 7.51E-02 3.92E-06 3.14E-07 1.75E-07
  49  400.0    5.6 1.54E+03 3.71E+01 7.54E-02 3.93E-06 3.14E-07 1.75E-07
  50  400.0    2.8 1.43E+03 3.56E+01 7.67E-02 4.07E-06 3.20E-07 1.78E-07
  51  400.0    0.0 1.43E+03 3.56E+01 7.68E-02 4.07E-06 3.20E-07 1.78E-07
  52  400.0   -2.8 1.45E+03 3.67E+01 7.69E-02 4.04E-06 3.21E-07 1.81E-07
  53  400.0   -5.6 1.52E+03 3.59E+01 7.38E-02 3.85E-06 3.19E-07 1.75E-07
  54  400.0   -8.4 1.51E+03 3.57E+01 7.35E-02 3.85E-06 3.18E-07 1.75E-07
  55  400.0  -11.2 1.74E+03 4.28E+01 8.49E-02 4.06E-06 3.01E-07 1.58E-07
  56  400.0  -14.0 1.72E+03 4.24E+01 8.40E-02 4.03E-06 2.99E-07 1.56E-07
  57  400.0  -16.8 2.17E+03 5.47E+01 1.00E-01 4.32E-06 3.14E-07 1.69E-07
  58  400.0  -19.5 2.14E+03 5.40E+01 9.87E-02 4.29E-06 3.13E-07 1.68E-07
  59  400.0  -22.2 2.36E+03 6.56E+01 1.21E-01 5.24E-06 3.43E-07 1.90E-07
  60  400.0  -24.8 2.32E+03 6.43E+01 1.19E-01 5.19E-06 3.41E-07 1.88E-07
  61  400.0  -27.4 1.25E+03 2.87E+01 7.86E-02 5.39E-06 3.32E-07 1.72E-07
  62  400.0  -30.0 1.22E+03 2.80E+01 7.69E-02 5.34E-06 3.33E-07 1.73E-07
  63  400.0  -32.4 3.34E+02 6.81E+00 2.12E-02 3.53E-06 3.23E-07 1.65E-07
  64  400.0  -34.8 3.28E+02 6.62E+00 2.06E-02 3.54E-06 3.25E-07 1.66E-07
  65  400.0  -37.1 1.69E+02 3.49E+00 1.12E-02 3.27E-06 3.19E-07 1.54E-07
  66  400.0  -39.3 1.65E+02 3.36E+00 1.08E-02 3.27E-06 3.17E-07 1.52E-07
  67  400.0  -41.4 8.53E+01 1.19E+00 4.09E-03 3.50E-06 3.48E-07 1.72E-07
  68  400.0  -43.4 8.56E+01 1.19E+00 4.10E-03 3.51E-06 3.47E-07 1.70E-07
  69  400.0  -45.2 9.40E+01 1.40E+00 5.07E-03 3.83E-06 3.78E-07 1.85E-07
  70  400.0  -46.8 9.47E+01 1.39E+00 5.07E-03 3.81E-06 3.73E-07 1.82E-07
  71  400.0  -48.2 9.53E+01 1.39E+00 5.08E-03 3.80E-06 3.70E-07 1.80E-07
  72  400.0  -49.4 9.59E+01 1.39E+00 5.09E-03 3.79E-06 3.69E-07 1.79E-07
  73  400.0  -50.3 1.06E+02 1.60E+00 4.87E-03 3.96E-06 3.74E-07 1.80E-07
  74  400.0  -51.0 1.05E+02 1.67E+00 4.94E-03 3.90E-06 3.64E-07 1.74E-07
  75  400.0  -51.5 1.06E+02 1.71E+00 5.05E-03 3.93E-06 3.62E-07 1.74E-07
  76  400.0  -51.6 1.06E+02 1.76E+00 5.16E-03 3.93E-06 3.62E-07 1.73E-07
  77  400.0  -51.5 1.06E+02 1.81E+00 5.26E-03 3.93E-06 3.62E-07 1.73E-07
  78  400.0  -51.0 1.05E+02 1.88E+00 5.35E-03 3.91E-06 3.64E-07 1.74E-07
  79  400.0  -50.3 1.05E+02 1.90E+00 5.49E-03 3.97E-06 3.74E-07 1.79E-07
  80  400.0  -49.4 9.71E+01 1.33E+00 5.26E-03 3.80E-06 3.68E-07 1.78E-07
  81  400.0  -48.2 9.68E+01 1.32E+00 5.28E-03 3.81E-06 3.70E-07 1.80E-07
  82  400.0  -46.8 9.65E+01 1.31E+00 5.30E-03 3.82E-06 3.72E-07 1.81E-07
  83  400.0  -45.2 9.61E+01 1.30E+00 5.32E-03 3.84E-06 3.78E-07 1.84E-07
  84  400.0  -43.4 8.16E+01 1.08E+00 4.38E-03 3.50E-06 3.47E-07 1.69E-07
  85  400.0  -41.4 8.10E+01 1.07E+00 4.40E-03 3.50E-06 3.49E-07 1.71E-07
  86  400.0  -39.3 1.58E+02 3.32E+00 1.08E-02 3.23E-06 3.13E-07 1.52E-07
  87  400.0  -37.1 1.64E+02 3.47E+00 1.13E-02 3.26E-06 3.18E-07 1.56E-07
  88  400.0  -34.8 3.11E+02 7.35E+00 2.22E-02 3.52E-06 3.23E-07 1.66E-07
  89  400.0  -32.4 3.20E+02 7.57E+00 2.29E-02 3.53E-06 3.24E-07 1.67E-07
  90  400.0  -30.0 1.21E+03 2.83E+01 7.71E-02 5.32E-06 3.28E-07 1.70E-07
  91  400.0  -27.4 1.24E+03 2.90E+01 7.91E-02 5.39E-06 3.30E-07 1.71E-07
  92  400.0  -24.8 2.32E+03 6.54E+01 1.20E-01 5.16E-06 3.41E-07 1.89E-07
  93  400.0  -22.2 2.36E+03 6.67E+01 1.22E-01 5.21E-06 3.43E-07 1.91E-07
  94  400.0  -19.5 2.16E+03 5.35E+01 9.78E-02 4.30E-06 3.14E-07 1.69E-07
  95  400.0  -16.8 2.18E+03 5.41E+01 9.86E-02 4.31E-06 3.13E-07 1.68E-07
  96  400.0  -14.0 1.69E+03 4.09E+01 8.20E-02 4.04E-06 2.99E-07 1.61E-07
  97  400.0  -11.2 1.71E+03 4.13E+01 8.27E-02 4.05E-06 2.99E-07 1.61E-07
  98  400.0   -8.4 1.49E+03 3.70E+01 7.60E-02 3.88E-06 3.17E-07 1.74E-07
  99  400.0   -5.6 1.49E+03 3.70E+01 7.58E-02 3.86E-06 3.15E-07 1.72E-07
 100  400.0   -2.8 1.46E+03 3.80E+01 8.02E-02 4.05E-06 3.21E-07 1.81E-07

  Ave flux:        8.82E+02 2.20E+01 4.60E-02 4.06E-06 3.36E-07 1.72E-07
